color:GRAY
yEnd:567
shapeLength:61.66553490636403
yStart:504
xStart:993
xEnd:1080
shapeWidth:85.624575589886263
